FNOM 50. ;


##           name     bus     FP   FQ   P    Q    NOM      Pnom    H     D   IBRATIO
##  mod_type     Xl     Xd      X'd     X"d     Xq      X'q     X"q     m      n       Ra         T'do    T"do     T'qo   T"qo
## EXC  model_name  Kv    Rc  Xc   TR   KA   TA    TB  TC  VAMAX  VAMIN  KE  TE   KF   TF  VRMAX  VRMIN  VE1   SE1   VE2   SE2  KC   KD    VUEL 
## TOR  model_name   SWM  T1    T2    T3   K    T4  T5    T6    TMIN  TMAX TD    R      TE       



  

SYNC_MACH G01 BUS75 0. 0. 68.227660 -15.820740 172.5 130. 6.5 0. 2.059
XT          0.    2.059  0.202   0.155   1.96    *      0.164   0.15  7.7834  0.00001189    1.04    0.036     *      0.05
EXC  exc_ST1A      1.    0.  0.  0.  1.   -9999. 9999.  0.    1.  1.  0.   0.   210. 0.01  -9999. 9999.   -6.    6.43   0.04  0.  1.  4.54  4.4
TOR 'tor_ENTSOE_simp' 0.04  0.5  0.    1.    2.25  10.   ;
  


SYNC_MACH G02 BUS76 0. 0. 109.889000 -13.059320 172.5 130. 6.5 0. 2.059
XT           0.    2.059  0.202   0.155   1.96    *      0.164   0.15  7.7834  0.00001189   1.04    0.036     *      0.05
EXC  exc_ST1A      1.    0.  0.  0.  1.   -9999. 9999.  0.    1.  1.  0.   0.   210. 0.01  -9999. 9999.   -6.    6.43   0.04  0.  1.  4.54  4.4
TOR 'tor_ENTSOE_simp' 0.04  0.5  0.    1.    2.25  10.   ;
 


SYNC_MACH G03 BUS78 0. 0. 107.040000 -13.251480 172.5 130 6.5 0. 2.059
XT           0.    2.079  0.204   0.154   1.96    *      0.164   0.15  7.7834  0.00001189     0.994   0.026     *      0.05
EXC  exc_ST1A      1.    0.  0.  0.  1.   -9999. 9999.  0.    1.  1.  0.   0.   210. 0.01  -9999. 9999.   -6.    6.43   0.04  0.  1.  4.54  4.4
TOR 'tor_ENTSOE_simp' 0.04  0.5  0.    1.    2.25  10.   ;



#SYNC_MACH   G04       BUS79  0.   0.   0.    0.   46.875   37.5    6.06  0.  2.22  
#XT             0.    2.22   0.213   0.153   2.08   0.213   0.164   0.2127  5.7561  0.00156   1.      0.05        0.      0.05
#EXC  exc_AC1A   1.    0.  0.   0.   400. 0.02  0.  0.  14.5   -14.5  1.  0.8  0.3  1.  8.03   -5.43  3.14  0.03  4.18  0.1  0.2  0.38  -99999.
#TOR  tor_GAST   0.05  0.4 0.1  3.  1.  2.  1.    0.    0.    ;


#SYNC_MACH G05 BUS88 0. 0. 2.550900 -5.245361 46.875 37.5 6.06 0. 2.22
#XT        0.    2.22   0.213   0.153   2.08   0.213   0.164   0.2127   5.7561  0.00156   1.    0.05  0.    0.05
#EXC  exc_AC1A   1.    0.  0.   0.   400. 0.02  0.  0.  14.5   -14.5  1.  0.8  0.3  1.  8.03   -5.43  3.14  0.03  4.18  0.1  0.2  0.38  -99999.
#TOR  tor_GAST   0.0424  0.4  0.1  3.  1.  2.  1.    0.    0.    ;


#SYNC_MACH G06 BUS89 0. 0. 0.000000 -5.193665 46.875 37.5 6.06 0. 2.22
#XT        0.    2.22   0.213   0.153   2.08   0.213   0.164   0.2127   5.7561   0.00156   1.    0.05  0.    0.05
#EXC  exc_AC1A   1.    0.  0.   0.   400. 0.02  0.  0.  14.5   -14.5  1.  0.8  0.3  1.  8.03   -5.43  3.14  0.03  4.18  0.1  0.2  0.38  -99999.
#TOR  tor_GAST   0.0424  0.4  0.1  3.  1.  2.  1.    0.    0.    ;


#SYNC_MACH  G07        BUS90    0.   0.   0.    0.   46.875 37.5 6.06  0.  2.22
#XT        0.    2.22   0.213   0.153   2.08   0.213   0.164   0.2127   5.7561  0.00156   1.    0.05  0.    0.05
#EXC  exc_AC1A   1.    0.  0.   0.   400. 0.02  0.  0.  14.5   -14.5  1.  0.8  0.3  1.  8.03   -5.43  3.14  0.03  4.18  0.1  0.2  0.38  -99999. 
#TOR  tor_GAST   0.0567  0.4  0.1  3.  1.  2.  1.    0.    0.    ;


#SYNC_MACH G08 BUS91 0. 0. 3.851782 -5.290150 46.875 37.5 6.06 0. 2.22
#XT         0.    2.22   0.213   0.153   2.08   0.213   0.164   0.2127   5.7561  0.00156  1.    0.05  0.    0.05
#EXC  exc_AC1A   1.    0.  0.   0.   400. 0.02  0.  0.  14.5   -14.5  1.  0.8  0.3  1.  8.03   -5.43  3.14  0.03  4.18  0.1  0.2  0.38  -99999.  
#TOR  tor_GAST   0.0567  0.4  0.1  3.  1.  2.  1.    0.    0.    ;


SYNC_MACH G09 BUS95 0. 0. 71.320130 23.442930 112.5 90. 6. 0. 2.079
XT           0.14   1.95   0.21    0.16    1.59   0.373   0.152   0.1667  8.0701  0.00124  0.79    0.014    0.1689057  0.01141019
EXC  exc_ST1A      1.    0.  0.  0.  1.   -9999. 9999.  0.    1.  1.  0.   0.   210. 0.01  -9999. 9999.   -6.    6.43   0.04  0.  1.  4.54  4.4
TOR  CONSTANT ;



SYNC_MACH G10 BUS96 0. 0. 60.052040 -8.572948 103.2 82.5 4.41 0. 1.956
XT          0.145  2.101   0.275   0.2     1.94   0.485   0.2     0.0622  10.9553  0.0042     0.92    0.031    0.13   0.031
EXC  exc_ST1A      1.    0.  0.  0.023  1.   -0.25  0.15   0.   0.6999  1434  0.   0.   373444  0.0001  -48.6   48.6    -5.1674  5.944  0.01  0.  1.  1.   1.
TOR  tor_GAST    0.05  0.4 0.1  3.  1.  2.  1.    0.    0.    ;




SYNC_MACH G11 BUS97 0. 0. 60.314710 -8.554914 103.2 82.5 4.41 0. 1.956
XT            0.145  2.101   0.275   0.2     1.94   0.485   0.2     0.0622  10.9553  0.0042     0.92    0.031    0.13   0.031
EXC  exc_ST1A      1.    0.  0.  0.023  1.   -0.25  0.15   0.   0.6999  1434  0.   0.   373444  0.0001  -48.6   48.6    -5.1674  5.944  0.01  0.  1.  1.   1.
TOR  tor_GAST    0.05  0.4 0.1  3.  1.  2.  1.    0.    0.    ;



#SYNC_MACH G12 BUS101 0. 0. 69.043760 22.694680 111.25 90. 6. 0. 1.851
#XT               0.139  1.99    0.28    0.17    1.8     0.345   0.173   0.076  11.5125  0.00123     0.84    0.032    0.14   0.014
#EXC  exc_ST1A      1.  0.  0.  0.  1.   -0.1285  0.1485 0.    5.  125.  1.   1.   1000.  0.01  -5.14   5.94    -5.14    5.94   0.  0.  1.  0.   1.
#TOR  CONSTANT ;



SYNC_MACH G13 BUS102 0. 0. 0.000000 -10.573530 102. 81.6 4.43 0. 1.908
XT            0.145  2.053   0.275   0.2     1.92    0.48    0.2     0.0622  10.9553   0.0041  0.92    0.031    0.13   0.031
EXC  exc_ST1A      1.    0.  0.  0.023  1.   -0.25  0.15   0.   0.6999  1434  0.   0.   373444  0.0001  -48.6   48.6    -5.1674  5.944  0.01  0.  1.  1.   1.
TOR  tor_GAST    0.05  0.4 0.1  3.  1.  2.  1.    0.    0.    ;



SYNC_MACH G14 BUS103 0. 0. 64.649030 -8.971769 102. 81.6 4.43 0. 1.908
XT           0.145  2.053   0.275   0.2     1.92    0.48    0.2     0.0622  10.9553   0.0041  0.92    0.031    0.13  0.031
EXC  exc_ST1A      1.    0.  0.  0.023  1.   -0.25  0.15   0.   0.6999  1434  0.   0.   373444  0.0001  -48.6   48.6    -5.1674  5.944  0.01  0.  1.  1.   1.
TOR  tor_GAST    0.05  0.4 0.1  3.  1.  2.  1.    0.    0.    ;



SYNC_MACH G15 BUS106 0. 0. 52.341870 -4.303605 75. 60. 6.5 0. 1.7685
XT          0.1015   1.87   0.223   0.144   1.84   0.245   0.2     0.125  5.5874   0.0013     0.85  0.025  0.43  0.072
EXC  exc_AC1A    1.    0.  0.   0.   400. 0.02  0.  0.  14.5   -14.5  1.  0.8  0.3  1.  8.03   -5.43  3.14  0.03  4.18  0.1  0.2  0.38  -99999.
TOR 'tor_ENTSOE_simp' 0.04  0.5  0.    1.    2.25  10.   ;



SYNC_MACH G16 BUS107 0. 0. 55.359790 -4.006083 75. 60. 6.5 0. 1.8585
XT          0.1015   1.96   0.223   0.144   1.863   0.245   0.2     0.125  5.5874  0.0013  0.85  0.025  0.43  0.072
EXC  exc_AC1A    1.    0.  0.   0.   400. 0.02  0.  0.  14.5   -14.5  1.  0.8  0.3  1.  8.03   -5.43  3.14  0.03  4.18  0.1  0.2  0.38  -99999.
TOR 'tor_ENTSOE_simp' 0.04  0.5  0.    1.    2.25  10.   ;



SYNC_MACH G17 BUS108 0. 0. 54.276130 -3.974936 75. 60. 6.5 0. 1.8134
XT          0.02659996   1.84   0.265   0.181   1.71   0.29    0.2     0.1   11.2411  0.00171  1.072962   0.02458868  0.5511696  0.06137931
EXC  exc_AC1A    1.    0.  0.   0.   400. 0.02  0.  0.  14.5   -14.5  1.  0.8  0.3  1.  8.03   -5.43  3.14  0.03  4.18  0.1  0.2  0.38  -99999.
TOR 'tor_ENTSOE_simp' 0.04  0.5  0.    1.    2.25  10.   ;



SYNC_MACH G18 BUS109 0. 0. 51.046730 -4.291660 75. 60. 6.5 0. 1.8134
XT          0.02659996   1.84   0.265   0.181   1.71   0.29    0.2     0.1  11.2411  0.00171  1.072962   0.02458868  0.5511696  0.06137931
EXC  exc_AC1A    1.    0.  0.   0.   400. 0.02  0.  0.  14.5   -14.5  1.  0.8  0.3  1.  8.03   -5.43  3.14  0.03  4.18  0.1  0.2  0.38  -99999.
TOR 'tor_ENTSOE_simp' 0.04  0.5  0.    1.    2.25  10.   ;



SYNC_MACH G19 BUS110 0. 0. 43.174220 -5.666574 75. 60. 6.5 0. 1.99
XT           0.00999999   2.     0.18    0.135   1.7    0.25    0.18    0.0502  6.9023  0.0015    1.05    0.02445283  0.5066176  0.06045284
EXC  exc_AC1A    1.    0.  0.   0.   400. 0.02  0.  0.  14.5   -14.5  1.  0.8  0.3  1.  8.03   -5.43  3.14  0.03  4.18  0.1  0.2  0.38  -99999.
TOR 'tor_ENTSOE_simp' 0.04  0.5  0.    1.    2.25  10.   ;



SYNC_MACH G20 BUS111 0. 0. 0.000000 -6.688551 75. 60. 6.5 0. 1.99
XT          0.00999999   2.     0.18    0.135   1.7    0.25    0.18    0.0502  6.9023  0.0015   1.1     0.02445283  0.5066176  0.06045284
EXC  exc_AC1A    1.    0.  0.   0.   400. 0.02  0.  0.  14.5   -14.5  1.  0.8  0.3  1.  8.03   -5.43  3.14  0.03  4.18  0.1  0.2  0.38  -99999.
TOR 'tor_ENTSOE_simp' 0.04  0.5  0.    1.    2.25  10.   ;



SYNC_MACH G21 BUS114 0. 0. 0.000000 0.557182 21.92 17.48 3.5 0. 1.28
XT          0.16   1.44    0.346   0.217   0.82    *      0.25    0.07  6.5246  0.00625     1.34    0.034     *     0.038
EXC  exc_AC1A    1.    0.  0.   0.   400. 0.02  0.  0.  14.5   -14.5  1.  0.8  0.3  1.  8.03   -5.43  3.14  0.03  4.18  0.1  0.2  0.38  -99999.
TOR  tor_DEGOV1   0.   0.01  0.05  0.1  0.5  5.  0.01  0.06  0.    1.   0.01  0.05   5.  ;



SYNC_MACH G22 BUS115 0. 0. 0.000000 0.687845 21.92 17.48 3.5 0. 1.28
XT         0.16   1.44    0.346   0.217   0.82    *      0.25    0.07  6.5246   0.00625  1.34    0.034     *     0.038
EXC  exc_AC1A    1.    0.  0.   0.   400. 0.02  0.  0.  14.5   -14.5  1.  0.8  0.3  1.  8.03   -5.43  3.14  0.03  4.18  0.1  0.2  0.38  -99999.
TOR  tor_DEGOV1   0.   0.01  0.05  0.1  0.5  5.  0.01  0.06  0.    1.   0.01  0.05   5.  ;



SYNC_MACH G23 BUS116 0. 0. 14.874650 -6.783189 21.92 17.48 3.5 0. 1.28
XT          0.16   1.44    0.346   0.217   0.82    *      0.25    0.07  6.5246   0.00625     1.34    0.034     *     0.038
EXC  exc_AC1A    1.    0.  0.   0.   400. 0.02  0.  0.  14.5   -14.5  1.  0.8  0.3  1.  8.03   -5.43  3.14  0.03  4.18  0.1  0.2  0.38  -99999.
TOR  tor_DEGOV1   0.   0.01  0.05  0.1  0.5  5.  0.01  0.06  0.    1.   0.01  0.05   5.  ;



SYNC_MACH G24 BUS119 0. 0. 0.000000 4.247987 21.345 17.07 3.5 0. 1.935
XT           0.201  2.136   0.394   0.221   1.079    *      0.287   1.117  1.9641  0.0045     1.01    0.03      *     0.033
EXC  exc_AC1A    1.    0.  0.   0.   400. 0.02  0.  0.  14.5   -14.5  1.  0.8  0.3  1.  8.03   -5.43  3.14  0.03  4.18  0.1  0.2  0.38  -99999.
TOR  tor_DEGOV1   0.   0.01  0.05  0.1  0.1  5.  0.01  0.06  0.    1.   0.01  0.05   5.  ;



SYNC_MACH G25 BUS120 0. 0. 14.662580 -4.234505 21.345 17.07 3.5 0. 1.935
XT         0.201  2.136   0.394   0.221   1.079    *      0.287   1.117  1.9641   0.0045     1.01    0.03      *     0.033
EXC  exc_AC1A    1.    0.  0.   0.   400. 0.02  0.  0.  14.5   -14.5  1.  0.8  0.3  1.  8.03   -5.43  3.14  0.03  4.18  0.1  0.2  0.38  -99999.
TOR  tor_DEGOV1   0.   0.01  0.05  0.1  0.1  5.  0.01  0.06  0.    1.   0.01  0.05   5.  ;



SYNC_MACH G26 BUS121 0. 0. 14.878390 -4.879947 21.345 17.07 3.5 0. 1.935
XT           0.201  2.136   0.394   0.221   1.079    *      0.287   1.117  1.9641   0.0045     1.01    0.03      *     0.033
EXC  exc_AC1A    1.    0.  0.   0.   400. 0.02  0.  0.  14.5   -14.5  1.  0.8  0.3  1.  8.03   -5.43  3.14  0.03  4.18  0.1  0.2  0.38  -99999.
TOR  tor_DEGOV1   0.   0.01  0.05  0.1  0.1  5.  0.01  0.06  0.    1.   0.01  0.05   5.  ;








SHUNT SHUNT01 BUS32 -0.000000 1 ;
SHUNT SHUNT02 BUS38 -0.000000 0 ;
SHUNT SHUNT03 BUS40 -0.001396 1 ;
SHUNT SHUNT04 BUS58 -49.731868 1 ;
SHUNT SHUNT05 BUS122 -36.958696 1 ;




INJEC vfd_load LD01 BUS01 0. 0. -45.745816 -6.656395 0. 1. 1. 0. 0. 0. 0. 1. 2. 0. 0. 0. 0. 0.5 0. 0.1 ;
INJEC vfd_load LD02 BUS02 0. 0. -26.771803 -2.486909 0. 1. 1. 0. 0. 0. 0. 1. 2. 0. 0. 0. 0. 0.5 0. 0.1 ;
INJEC vfd_load LD03 BUS03 0. 0. -22.363901 -3.368449 0. 1. 1. 0. 0. 0. 0. 1. 2. 0. 0. 0. 0. 0.5 0. 0.1 ;
INJEC vfd_load LD04 BUS04 0. 0. -11.123330 -0.139163 0. 1. 1. 0. 0. 0. 0. 1. 2. 0. 0. 0. 0. 0.5 0. 0.1 ;
INJEC vfd_load LD05 BUS05 0. 0. -4.255599 -0.792159 0. 1. 1. 0. 0. 0. 0. 1. 2. 0. 0. 0. 0. 0.5 0. 0.1 ;
INJEC vfd_load LD06 BUS07 0. 0. -7.148722 -4.015227 0. 1. 1. 0. 0. 0. 0. 1. 2. 0. 0. 0. 0. 0.5 0. 0.1 ;
INJEC vfd_load LD07 BUS08 0. 0. -30.382504 -1.036485 0. 1. 1. 0. 0. 0. 0. 1. 2. 0. 0. 0. 0. 0.5 0. 0.1 ;
INJEC vfd_load LD08 BUS09 0. 0. -18.271713 -0.365327 0. 1. 1. 0. 0. 0. 0. 1. 2. 0. 0. 0. 0. 0.5 0. 0.1 ;
INJEC vfd_load LD09 BUS10 0. 0. -21.080323 -0.899972 0. 1. 1. 0. 0. 0. 0. 1. 2. 0. 0. 0. 0. 0.5 0. 0.1 ;
INJEC vfd_load LD10 BUS13 0. 0. -3.435611 -0.463584 0. 1. 1. 0. 0. 0. 0. 1. 2. 0. 0. 0. 0. 0.5 0. 0.1 ;
INJEC vfd_load LD11 BUS15 0. 0. -5.237937 -2.140742 0. 1. 1. 0. 0. 0. 0. 1. 2. 0. 0. 0. 0. 0.5 0. 0.1 ;
INJEC vfd_load LD12 BUS16 0. 0. -10.630354 -3.103958 0. 1. 1. 0. 0. 0. 0. 1. 2. 0. 0. 0. 0. 0.5 0. 0.1 ;
INJEC vfd_load LD13 BUS17 0. 0. -8.561381 -0.000000 0. 1. 1. 0. 0. 0. 0. 1. 2. 0. 0. 0. 0. 0.5 0. 0.1 ;
INJEC vfd_load LD14 BUS11 0. 0. -7.287010 -1.410988 0. 1. 1. 0. 0. 0. 0. 1. 2. 0. 0. 0. 0. 0.5 0. 0.1 ;
INJEC vfd_load LD15 BUS18 0. 0. -5.514897 -0.385489 0. 1. 1. 0. 0. 0. 0. 1. 2. 0. 0. 0. 0. 0.5 0. 0.1 ;
INJEC vfd_load LD16 BUS19 0. 0. -4.361391 -0.596713 0. 1. 1. 0. 0. 0. 0. 1. 2. 0. 0. 0. 0. 0.5 0. 0.1 ;
INJEC vfd_load LD17 BUS23 0. 0. 0. 0. 0. 1. 1. 0. 0. 0. 0. 1. 2. 0. 0. 0. 0. 0.5 0. 0.1 ;
INJEC vfd_load LD18 BUS24 0. 0. -5.731645 -1.853560 0. 1. 1. 0. 0. 0. 0. 1. 2. 0. 0. 0. 0. 0.5 0. 0.1 ;
INJEC vfd_load LD19 BUS25 0. 0. -20.655209 -1.195964 0. 1. 1. 0. 0. 0. 0. 1. 2. 0. 0. 0. 0. 0.5 0. 0.1 ;
INJEC vfd_load LD20 BUS26 0. 0. -25.270298 -0.000000 0. 1. 1. 0. 0. 0. 0. 1. 2. 0. 0. 0. 0. 0.5 0. 0.1 ;
INJEC vfd_load LD21 BUS27 0. 0. -40.950172 -2.315515 0. 1. 1. 0. 0. 0. 0. 1. 2. 0. 0. 0. 0. 0.5 0. 0.1 ;
INJEC vfd_load LD22 BUS28 0. 0. -19.322648 -1.086362 0. 1. 1. 0. 0. 0. 0. 1. 2. 0. 0. 0. 0. 0.5 0. 0.1 ;
INJEC vfd_load LD23 BUS29 0. 0. -3.829590 -0.737223 0. 1. 1. 0. 0. 0. 0. 1. 2. 0. 0. 0. 0. 0.5 0. 0.1 ;
INJEC vfd_load LD24 BUS30 0. 0. -22.191494 -0.786101 0. 1. 1. 0. 0. 0. 0. 1. 2. 0. 0. 0. 0. 0.5 0. 0.1 ;
INJEC vfd_load LD25 BUS31 0. 0. -5.833666 -0.819274 0. 1. 1. 0. 0. 0. 0. 1. 2. 0. 0. 0. 0. 0.5 0. 0.1 ;
INJEC vfd_load LD26 BUS33 0. 0. -18.333256 -0.410293 0. 1. 1. 0. 0. 0. 0. 1. 2. 0. 0. 0. 0. 0.5 0. 0.1 ;
INJEC vfd_load LD27 BUS34 0. 0. -4.910409 0.011633 0. 1. 1. 0. 0. 0. 0. 1. 2. 0. 0. 0. 0. 0.5 0. 0.1 ;
INJEC vfd_load LD28 BUS39 0. 0. -28.234587 -2.607178 0. 1. 1. 0. 0. 0. 0. 1. 2. 0. 0. 0. 0. 0.5 0. 0.1 ;
INJEC vfd_load LD29 BUS40 0. 0. -13.570747 -1.923000 0. 1. 1. 0. 0. 0. 0. 1. 2. 0. 0. 0. 0. 0.5 0. 0.1 ;
INJEC vfd_load LD30 BUS41 0. 0. -30.736972 -5.686883 0. 1. 1. 0. 0. 0. 0. 1. 2. 0. 0. 0. 0. 0.5 0. 0.1 ;
INJEC vfd_load LD31 BUS42 0. 0. -14.321670 -1.453932 0. 1. 1. 0. 0. 0. 0. 1. 2. 0. 0. 0. 0. 0.5 0. 0.1 ;
INJEC vfd_load LD32 BUS43 0. 0. -39.287220 -2.806001 0. 1. 1. 0. 0. 0. 0. 1. 2. 0. 0. 0. 0. 0.5 0. 0.1 ;
INJEC vfd_load LD33 BUS44 0. 0. -6.934505 -0.130469 0. 1. 1. 0. 0. 0. 0. 1. 2. 0. 0. 0. 0. 0.5 0. 0.1 ;
INJEC vfd_load LD34 BUS45 0. 0. -25.517766 1.935205 0. 1. 1. 0. 0. 0. 0. 1. 2. 0. 0. 0. 0. 0.5 0. 0.1 ;
INJEC vfd_load LD35 BUS46 0. 0. -23.287132 1.846833 0. 1. 1. 0. 0. 0. 0. 1. 2. 0. 0. 0. 0. 0.5 0. 0.1 ;
INJEC vfd_load LD36 BUS47 0. 0. -5.589008 -2.765387 0. 1. 1. 0. 0. 0. 0. 1. 2. 0. 0. 0. 0. 0.5 0. 0.1 ;
INJEC vfd_load LD37 BUS124 0. 0. 0. 0. 0. 1. 1. 0. 0. 0. 0. 1. 2. 0. 0. 0. 0. 0.5 0. 0.1 ;
INJEC vfd_load LD38 BUS49 0. 0. -4.789758 1.316205 0. 1. 1. 0. 0. 0. 0. 1. 2. 0. 0. 0. 0. 0.5 0. 0.1 ;
INJEC vfd_load LD39 BUS55 0. 0. 0. 0. 0. 1. 1. 0. 0. 0. 0. 1. 2. 0. 0. 0. 0. 0.5 0. 0.1 ;
INJEC vfd_load LD40 BUS56 0. 0. 0. 0. 0. 1. 1. 0. 0. 0. 0. 1. 2. 0. 0. 0. 0. 0.5 0. 0.1 ;
INJEC vfd_load LD41 BUS57 0. 0. 0. 0. 0. 1. 1. 0. 0. 0. 0. 1. 2. 0. 0. 0. 0. 0.5 0. 0.1 ;
INJEC vfd_load LD42 BUS58 0. 0. -21.439126 -0.824782 0. 1. 1. 0. 0. 0. 0. 1. 2. 0. 0. 0. 0. 0.5 0. 0.1 ;
INJEC vfd_load LD43 BUS59 0. 0. -29.043972 -0.900404 0. 1. 1. 0. 0. 0. 0. 1. 2. 0. 0. 0. 0. 0.5 0. 0.1 ;
INJEC vfd_load LD44 BUS62 0. 0. -2.095000 -0.38 0. 1. 1. 0. 0. 0. 0. 1. 2. 0. 0. 0. 0. 0.5 0. 0.1 ;
INJEC vfd_load LD45 BUS64 0. 0. -17.427960 -3.581873 0. 1. 1. 0. 0. 0. 0. 1. 2. 0. 0. 0. 0. 0.5 0. 0.1 ;
INJEC vfd_load LD46 BUS65 0. 0. -36.933440 -0.039809 0. 1. 1. 0. 0. 0. 0. 1. 2. 0. 0. 0. 0. 0.5 0. 0.1 ;
INJEC vfd_load LD47 BUS68 0. 0. -11.385381 -1.329484 0. 1. 1. 0. 0. 0. 0. 1. 2. 0. 0. 0. 0. 0.5 0. 0.1 ;
INJEC vfd_load LD48 BUS69 0. 0. -10.905405 -2.707827 0. 1. 1. 0. 0. 0. 0. 1. 2. 0. 0. 0. 0. 0.5 0. 0.1 ;
INJEC vfd_load LD49 BUS70 0. 0. -22.413197 -4.251245 0. 1. 1. 0. 0. 0. 0. 1. 2. 0. 0. 0. 0. 0.5 0. 0.1 ;
INJEC vfd_load LD50 BUS71 0. 0. -19.507202 -3.565234 0. 1. 1. 0. 0. 0. 0. 1. 2. 0. 0. 0. 0. 0.5 0. 0.1 ;
INJEC vfd_load LD51 BUS81 0. 0. -21.992574 -2.231632 0. 1. 1. 0. 0. 0. 0. 1. 2. 0. 0. 0. 0. 0.5 0. 0.1 ;
INJEC vfd_load LD52 BUS82 0. 0. -14.261404 -1.151493 0. 1. 1. 0. 0. 0. 0. 1. 2. 0. 0. 0. 0. 0.5 0. 0.1 ;
INJEC vfd_load LD53 BUS85 0. 0. -22.590121 -7.290280 0. 1. 1. 0. 0. 0. 0. 1. 2. 0. 0. 0. 0. 0.5 0. 0.1 ;
INJEC vfd_load LD54 BUS86 0. 0. -22.767527 -3.255021 0. 1. 1. 0. 0. 0. 0. 1. 2. 0. 0. 0. 0. 0.5 0. 0.1 ;
INJEC vfd_load LD55 BUS87 0. 0. -9.279583 -1.986630 0. 1. 1. 0. 0. 0. 0. 1. 2. 0. 0. 0. 0. 0.5 0. 0.1 ;
INJEC vfd_load LD56 BUS87 0. 0. -9.279583 -1.986630 0. 1. 1. 0. 0. 0. 0. 1. 2. 0. 0. 0. 0. 0.5 0. 0.1 ;
INJEC vfd_load LD57 BUS105 0. 0. -4.122558 -0.909428 0. 1. 1. 0. 0. 0. 0. 1. 2. 0. 0. 0. 0. 0.5 0. 0.1 ;
INJEC vfd_load LD58 BUS113 0. 0. -2.465000 -0.88 0. 1. 1. 0. 0. 0. 0. 1. 2. 0. 0. 0. 0. 0.5 0. 0.1 ;
INJEC vfd_load LD59 BUS113 0. 0. 0. 0. 0. 1. 1. 0. 0. 0. 0. 1. 2. 0. 0. 0. 0. 0.5 0. 0.1 ;
INJEC vfd_load LD60 BUS118 0. 0. 0. 0. 0. 1. 1. 0. 0. 0. 0. 1. 2. 0. 0. 0. 0. 0.5 0. 0.1 ;
INJEC vfd_load LD61 BUS118 0. 0. 0. 0. 0. 1. 1. 0. 0. 0. 0. 1. 2. 0. 0. 0. 0. 0.5 0. 0.1 ;
INJEC vfd_load LD62 BUS75 0. 0. -5.769000 -2.664 0. 1. 1. 0. 0. 0. 0. 1. 2. 0. 0. 0. 0. 0.5 0. 0.1 ;
INJEC vfd_load LD63 BUS76 0. 0. -5.769000 -2.664 0. 1. 1. 0. 0. 0. 0. 1. 2. 0. 0. 0. 0. 0.5 0. 0.1 ;
INJEC vfd_load LD64 BUS78 0. 0. -7.049000 -2.176 0. 1. 1. 0. 0. 0. 0. 1. 2. 0. 0. 0. 0. 0.5 0. 0.1 ;
INJEC vfd_load LD65 BUS96 0. 0. -2.605000 -0.84 0. 1. 1. 0. 0. 0. 0. 1. 2. 0. 0. 0. 0. 0.5 0. 0.1 ;
INJEC vfd_load LD66 BUS97 0. 0. -2.605000 -0.84 0. 1. 1. 0. 0. 0. 0. 1. 2. 0. 0. 0. 0. 0.5 0. 0.1 ;
INJEC vfd_load LD67 BUS102 0. 0. -2.605000 -0.84 0. 1. 1. 0. 0. 0. 0. 1. 2. 0. 0. 0. 0. 0.5 0. 0.1 ;
INJEC vfd_load LD68 BUS103 0. 0. -2.605000 -0.84 0. 1. 1. 0. 0. 0. 0. 1. 2. 0. 0. 0. 0. 0.5 0. 0.1 ;
INJEC vfd_load LD69 BUS106 0. 0. -2.783545 -1.47715 0. 1. 1. 0. 0. 0. 0. 1. 2. 0. 0. 0. 0. 0.5 0. 0.1 ;
INJEC vfd_load LD70 BUS107 0. 0. -2.783545 -1.47715 0. 1. 1. 0. 0. 0. 0. 1. 2. 0. 0. 0. 0. 0.5 0. 0.1 ;
INJEC vfd_load LD71 BUS108 0. 0. -2.745424 -1.434265 0. 1. 1. 0. 0. 0. 0. 1. 2. 0. 0. 0. 0. 0.5 0. 0.1 ;
INJEC vfd_load LD72 BUS109 0. 0. -2.783545 -1.47715 0. 1. 1. 0. 0. 0. 0. 1. 2. 0. 0. 0. 0. 0.5 0. 0.1 ;
INJEC vfd_load LD73 BUS110 0. 0. -2.783545 -1.47715 0. 1. 1. 0. 0. 0. 0. 1. 2. 0. 0. 0. 0. 0.5 0. 0.1 ;
INJEC vfd_load LD74 BUS111 0. 0. -2.740660 -1.529566 0. 1. 1. 0. 0. 0. 0. 1. 2. 0. 0. 0. 0. 0.5 0. 0.1 ;

